spawns:
  default:
    world: 92ea5076-10b8-40d2-976c-0bc83386d51f
    world-name: bskyblock_world
    x: 60.5
    y: 49.0
    z: 53.5
    yaw: 0.6365010738372803
    pitch: -5.478061676025391
  suvrajit:
    world: a610f4dd-be6c-4da7-a03c-336630b9fde6
    world-name: bskyblock_world
    x: 60.522559048577065
    y: 19.0
    z: 53.5485404457756
    yaw: 0.4243274927139282
    pitch: -5.690234184265137
