spawns:
  default:
    world: 708b4d1d-d54a-4374-ac56-626e71f939e4
    world-name: world
    x: 60.47957587071473
    y: 99.0
    z: 53.527755145907314
    yaw: 0.6364784240722656
    pitch: -5.053717613220215
  suvrajit:
    world: a610f4dd-be6c-4da7-a03c-336630b9fde6
    world-name: bskyblock_world
    x: 60.522559048577065
    y: 19.0
    z: 53.5485404457756
    yaw: 0.4243274927139282
    pitch: -5.690234184265137
