spawns:
  default:
    world: 8fdb5aa7-d3a7-46da-9c56-843097d744f7
    world-name: bskyblock_world
    x: 60.522907928348374
    y: 99.0
    z: 53.460582774992645
    yaw: 0.7140204310417175
    pitch: 8.525390625
  suvrajit:
    world: a610f4dd-be6c-4da7-a03c-336630b9fde6
    world-name: bskyblock_world
    x: 60.522559048577065
    y: 19.0
    z: 53.5485404457756
    yaw: 0.4243274927139282
    pitch: -5.690234184265137
